21 1 0 2 1 0 0 1 0 1 1 0 2 1 1 1 1 1 1 1 2 2 0 2 1 1 0 0 1 1 1 1 0 0 0 1 2 0 0 2 0 0 2 1 1 2 2 0 1 0 0 2 0 2 2 1 0 1 1 0 1 0 1 1 0 0 1 0 0 0 0 0 2 0 0 1 2 2 2 0 0 2 2 2 2 0 0 0 2 1 0 1 1 0 2 0 0 2 0 0 0 0 0 1 1 0 0 1 1 1 0 0 0 0 1 0 0 0 0 0 0 0 2 0 2 1 0 0 0 0 1 2 2 0 0 1 0 0 0 2 1 2 0 1 0 2 1 1 1 0 2 1 1 2 2 0 2 0 0 0 0 1 1 1 0 2 1 1 1 0 1 1 1 0 1 1 1 1 2 0 0 1 1 2 2 0 0 0 0 0 2 0 0 0 0 1 0 0 1 1 1 1 1 1 1 0 0 0 2 0 0 2 2 1 2 2 0 0 0 0 0 2 2 0 2 0 2 2 0 0 0 0 0 2 2 0 0 0 2 1 2 1 1 1 1 2 1 1 1 1 1
22 1 0 2 1 0 0 1 0 1 1 0 2 1 0 0 0 0 2 0 2 2 0 2 2 0 0 0 2 0 0 2 0 0 0 1 2 0 0 2 0 0 1 2 2 1 1 0 1 1 1 2 0 2 2 1 1 1 1 0 1 1 1 2 0 0 1 0 0 1 1 1 1 1 0 0 2 2 2 0 0 2 2 2 2 0 1 1 1 0 0 2 2 1 1 0 0 1 0 0 0 0 1 0 1 0 0 1 1 1 0 0 0 0 1 0 0 0 0 0 0 0 2 0 2 1 0 0 0 0 1 2 2 0 0 1 0 0 0 2 1 2 0 1 0 2 1 1 1 0 2 1 1 2 2 0 2 0 0 0 0 1 1 1 0 2 1 1 1 0 1 1 1 0 1 1 1 1 1 0 0 0 2 1 1 1 2 1 0 1 1 1 0 0 1 2 1 1 1 2 1 1 1 1 1 0 0 1 2 0 0 1 2 1 1 2 0 0 0 0 0 2 2 0 2 0 2 2 0 0 0 0 0 2 2 0 0 0 2 1 2 1 1 1 1 2 1 1 1 1 1
23 1 1 2 2 1 0 2 0 0 0 0 2 0 0 0 0 0 2 0 2 2 0 2 2 0 0 0 2 0 0 2 0 0 0 1 2 0 0 2 0 0 1 2 2 1 1 0 1 1 1 2 0 2 2 1 1 0 2 0 0 1 2 1 0 0 2 0 0 1 1 2 0 2 0 0 2 2 2 0 0 2 1 1 2 0 2 2 1 1 0 2 2 1 0 0 0 0 0 0 1 0 2 0 2 0 1 1 1 1 1 0 0 1 2 0 0 0 0 0 0 0 2 0 2 0 1 0 0 0 1 1 0 1 0 1 1 1 0 1 0 2 0 0 1 1 0 2 1 1 1 0 1 2 1 1 1 0 0 0 1 1 2 2 2 0 2 0 0 0 1 1 1 0 1 1 1 1 2 0 0 1 2 1 1 1 1 0 0 1 1 1 0 0 0 1 1 1 1 1 0 2 2 0 2 0 0 1 2 0 0 1 2 1 1 2 0 0 0 0 0 2 1 1 1 1 2 1 0 1 1 1 0 1 1 0 1 1 1 0 1 0 2 0 2 2 0 2 1 1 1
24 1 0 2 1 0 0 1 0 1 1 0 2 1 1 1 1 1 1 1 2 2 0 2 1 1 0 0 1 1 1 1 0 0 0 1 1 0 0 2 0 0 1 1 1 0 0 0 0 0 0 2 0 2 2 0 0 1 1 0 0 0 1 1 1 0 1 1 0 1 1 1 1 1 0 0 2 1 1 1 0 2 1 1 2 0 2 2 2 1 0 2 2 0 1 1 0 0 1 1 0 0 1 0 2 1 0 1 1 1 0 1 0 0 2 0 1 0 1 1 1 2 0 0 2 0 0 0 0 1 2 2 2 1 1 1 1 1 1 2 1 2 0 1 1 2 1 1 1 0 1 0 2 1 1 1 1 0 1 0 1 1 2 1 1 1 2 1 1 0 1 1 1 0 1 1 0 2 0 0 2 2 2 0 0 2 0 0 0 1 1 1 1 1 0 1 0 0 1 1 1 1 1 0 2 1 1 0 2 0 1 2 2 1 2 2 0 0 0 0 0 2 1 1 1 1 2 1 0 1 1 1 0 1 1 0 1 1 1 0 1 1 2 1 2 1 1 1 1 1 1
25 1 0 2 1 0 0 1 0 1 1 0 2 1 1 1 1 1 1 1 2 2 0 2 1 1 0 0 1 1 1 1 0 0 0 1 1 0 0 2 0 0 1 1 1 0 0 0 0 0 0 2 0 2 2 0 0 1 1 0 0 0 1 1 1 0 2 0 0 0 0 1 1 1 0 0 2 1 1 1 0 2 0 0 2 0 2 1 2 1 0 2 2 0 1 1 0 0 1 1 0 0 1 0 1 0 1 1 1 1 1 0 0 1 2 0 2 0 0 1 1 1 1 0 1 0 1 0 1 0 1 1 1 2 1 0 1 1 1 1 0 1 1 0 2 1 0 2 1 0 2 0 1 1 1 1 1 0 1 0 1 0 1 1 0 2 2 1 1 0 1 1 1 0 1 1 1 1 1 0 1 1 2 0 0 2 1 0 0 1 1 2 0 0 1 1 0 0 0 0 0 2 2 1 1 0 0 0 1 1 0 1 1 0 2 2 0 0 0 0 0 2 1 1 1 1 2 1 1 1 1 1 1 1 0 1 1 1 1 1 1 1 1 1 1 2 1 1 2 2 0
26 1 0 2 1 0 0 1 0 1 1 0 2 1 1 1 1 1 1 1 2 2 0 2 1 1 0 0 1 1 1 1 0 0 0 1 1 0 0 2 0 0 1 1 1 0 0 0 0 0 0 2 0 2 2 0 0 1 1 0 0 0 1 1 1 0 1 1 0 1 1 1 1 1 0 0 2 1 1 1 0 2 1 1 2 0 2 2 1 0 0 1 1 0 1 0 0 1 0 1 0 0 1 0 2 1 0 1 1 1 0 1 0 0 2 0 1 0 1 1 1 2 0 0 2 0 0 0 0 1 2 2 2 1 1 1 1 1 1 2 1 2 0 1 1 2 1 1 1 0 1 0 2 1 2 0 2 0 0 0 0 2 1 1 1 1 2 1 1 0 1 1 1 1 1 1 1 1 1 0 1 1 2 1 1 1 1 0 0 2 0 2 1 1 0 1 0 0 1 1 1 1 1 0 2 1 1 0 2 0 1 2 2 1 2 2 0 0 0 0 0 2 1 1 1 1 2 1 0 1 1 1 0 1 1 0 1 1 1 0 1 1 2 1 2 1 0 2 2 2 0
27 0 0 2 2 0 0 2 0 0 0 0 2 0 0 1 0 0 2 0 2 2 0 2 2 0 1 1 1 1 1 1 0 0 1 1 0 1 1 1 2 1 0 1 2 0 0 0 0 0 0 2 0 2 2 0 0 1 1 0 0 0 1 1 0 0 0 1 0 1 1 2 0 2 0 0 2 2 2 0 0 2 0 0 2 0 2 1 1 0 0 1 1 0 2 0 0 1 0 1 0 0 1 0 1 0 0 1 1 1 0 1 0 1 2 0 0 1 0 0 1 0 2 1 1 1 1 0 1 0 0 1 1 1 0 1 0 0 0 0 0 0 1 0 1 1 0 2 0 0 2 0 0 1 0 2 0 2 2 0 0 0 2 1 1 1 1 2 2 0 2 0 0 0 0 0 0 2 1 0 1 1 1 2 2 0 1 1 0 0 2 0 0 0 0 1 0 0 0 1 1 1 1 1 1 0 1 0 1 1 0 0 1 1 2 2 0 0 0 0 0 2 2 0 2 0 2 2 1 0 1 1 1 2 1 1 0 1 1 0 2 1 1 1 2 1 1 1 2 2 0
28 0 0 2 2 0 0 2 0 0 0 0 2 0 0 0 0 0 2 0 2 2 0 2 2 0 0 0 1 1 1 1 0 0 0 0 0 0 0 2 1 1 0 1 2 0 0 0 0 0 0 2 0 2 2 0 0 0 2 0 0 0 2 0 0 0 1 1 0 1 2 2 0 2 0 0 2 2 1 1 0 1 0 0 1 1 2 1 1 1 0 0 0 0 2 0 0 1 0 0 0 0 0 1 1 0 1 1 1 1 1 0 0 1 2 0 2 0 0 1 0 1 1 1 1 0 1 0 1 0 0 1 0 1 0 0 0 0 0 1 1 1 1 1 1 1 0 2 1 0 2 1 0 2 1 1 1 1 1 0 0 0 2 0 0 2 1 2 2 0 2 0 0 0 0 0 0 2 1 0 1 1 1 1 1 1 0 0 0 0 2 0 0 0 1 1 0 0 0 1 1 1 1 0 2 0 1 1 1 1 0 0 2 1 1 2 0 0 0 0 0 2 2 0 1 0 2 2 0 0 0 0 0 2 2 0 0 0 2 0 2 0 1 0 2 1 0 2 2 2 0
29 0 0 2 2 0 0 2 0 0 0 0 2 0 0 0 0 0 2 0 2 2 0 2 2 0 0 0 1 1 1 1 0 0 0 0 0 0 0 2 1 1 0 1 2 0 0 0 0 0 0 2 0 2 2 0 0 0 2 0 0 0 2 0 0 0 1 1 0 1 2 2 0 2 0 0 2 2 1 1 0 1 0 0 1 1 2 1 1 1 0 0 0 0 2 0 0 1 0 0 0 0 0 1 1 0 1 1 1 1 1 0 0 1 2 0 2 0 0 1 0 1 1 1 1 0 1 0 1 0 0 1 0 1 0 0 0 0 0 1 1 1 1 1 1 1 0 2 1 0 2 1 0 2 1 1 1 1 1 0 0 0 2 0 0 2 1 2 2 0 2 0 0 0 0 0 0 2 1 0 1 1 1 1 1 1 0 0 0 0 2 0 0 0 1 1 0 0 0 1 1 1 1 0 2 0 1 1 1 1 0 0 2 1 1 2 0 0 0 0 0 2 2 0 1 0 2 2 0 0 0 0 1 2 1 1 0 0 2 0 2 1 0 1 2 1 1 1 1 1 1
30 1 0 2 1 0 0 1 0 1 1 0 2 1 1 1 1 1 1 1 2 2 0 2 1 1 0 0 1 1 1 1 0 0 0 1 2 0 0 2 0 0 2 1 1 1 1 0 1 1 1 2 0 2 2 1 1 1 1 0 0 1 1 2 1 0 2 0 0 1 1 1 1 1 0 0 2 1 1 1 0 2 1 1 2 0 2 2 2 1 0 1 1 0 1 0 0 1 0 0 0 0 1 1 2 0 0 2 2 0 0 0 0 0 2 0 2 0 0 2 0 2 0 1 1 0 1 0 1 0 1 1 1 1 1 0 1 1 1 2 0 2 0 0 1 2 0 2 2 1 1 0 2 1 0 2 0 0 1 0 2 0 2 1 1 1 2 1 1 0 2 0 0 0 0 0 0 2 1 0 1 1 2 0 0 2 1 0 0 1 1 2 0 0 1 2 1 1 1 1 0 2 2 1 1 0 0 1 1 1 0 0 1 1 1 2 0 0 0 0 0 2 2 0 2 0 2 2 1 0 0 0 1 2 1 1 0 0 2 1 2 1 1 1 1 2 1 1 1 1 1
31 0 0 2 2 0 0 2 0 0 0 0 2 0 0 0 0 0 2 0 2 2 0 2 2 0 1 1 1 1 1 1 0 0 0 1 2 0 0 2 0 0 1 2 2 1 1 0 1 1 1 2 0 2 2 1 1 1 1 0 0 1 1 2 1 0 2 0 0 1 1 1 1 1 0 0 2 1 1 1 0 2 1 1 2 0 2 2 1 0 0 2 2 1 0 0 0 0 0 0 0 0 2 0 2 0 0 2 2 0 0 0 0 0 2 0 1 0 0 1 0 1 1 0 2 0 0 0 0 0 2 2 2 1 1 1 1 1 1 2 1 2 0 1 1 2 1 1 1 0 2 0 2 1 2 0 2 0 0 0 0 2 1 0 0 2 1 1 1 0 2 0 0 1 0 0 0 2 1 0 1 1 2 1 1 1 1 0 0 2 0 2 1 1 0 2 1 1 2 2 1 1 1 0 2 1 1 1 2 0 1 1 2 2 1 2 0 0 0 0 0 2 2 0 2 0 2 2 0 0 0 0 0 2 2 0 0 0 2 0 2 1 2 1 2 1 0 2 1 1 1
32 0 0 2 2 0 0 2 0 0 0 0 2 0 0 0 0 0 2 0 2 2 0 2 2 0 1 1 1 1 1 1 0 0 0 1 1 0 0 2 0 0 1 2 2 1 1 0 1 1 1 2 0 2 2 1 1 1 1 0 0 1 1 2 1 0 2 0 0 1 1 1 1 1 0 0 2 1 1 1 0 2 1 1 2 0 2 2 1 0 0 2 2 1 0 0 0 0 0 0 0 0 2 0 2 0 0 2 2 0 0 0 0 0 2 0 1 0 0 1 0 1 1 0 2 0 0 0 0 0 2 2 2 1 1 1 1 1 1 2 1 2 0 1 1 2 1 1 1 0 2 0 2 1 2 0 2 0 0 0 0 2 1 0 0 2 1 2 2 0 2 0 0 1 0 0 0 2 1 0 1 1 1 1 1 1 0 0 0 0 2 1 0 0 1 2 0 0 1 1 0 2 2 1 1 0 0 0 1 1 0 1 1 1 2 2 0 0 0 0 0 2 2 0 2 0 2 2 0 0 0 0 1 2 1 1 0 0 2 1 2 1 2 1 2 0 0 2 2 2 0
33 0 0 2 2 0 0 2 0 0 0 0 2 0 0 0 0 0 2 0 2 2 0 2 2 0 0 0 2 0 0 2 0 0 0 0 0 0 0 2 1 1 0 1 2 0 0 0 0 0 0 2 0 2 2 0 0 0 2 0 0 0 2 0 0 0 0 2 0 2 2 2 0 2 0 0 2 2 2 0 0 2 1 1 2 0 2 1 0 0 0 0 0 0 2 0 0 2 0 1 0 0 0 1 2 1 0 1 1 1 0 1 0 0 2 0 1 0 1 1 1 2 0 1 1 0 1 0 1 1 1 1 1 0 0 1 0 0 0 2 2 2 0 2 0 2 1 1 1 0 1 1 1 2 2 0 2 0 0 0 0 1 2 1 1 1 2 1 1 0 1 1 1 0 1 1 0 2 0 0 2 2 2 0 0 2 0 0 0 0 2 0 0 0 1 1 0 0 0 1 1 1 1 0 2 0 1 0 2 0 0 1 2 1 2 2 0 0 0 0 0 2 1 1 0 1 2 1 0 1 2 2 0 1 1 0 1 2 0 0 1 0 2 0 2 1 0 2 2 2 0
34 1 0 2 1 0 0 0 0 2 1 1 1 1 1 1 1 1 1 1 1 1 1 1 1 1 0 0 1 1 1 1 0 0 0 1 1 0 0 2 0 0 1 1 1 0 0 0 0 0 0 2 0 2 2 0 0 1 1 0 0 0 1 1 0 0 0 1 0 1 1 2 0 2 0 0 2 2 2 0 0 2 1 1 2 0 2 2 0 0 0 0 0 0 2 0 0 2 0 2 0 0 1 0 2 1 0 1 1 1 0 1 0 1 2 0 0 0 1 0 1 1 1 0 2 1 0 0 0 1 1 2 2 0 0 2 0 0 0 1 1 1 0 1 0 2 1 1 0 0 1 0 1 1 1 1 1 1 1 0 0 1 2 1 1 1 1 1 1 0 1 1 1 0 1 1 0 2 1 0 1 1 1 1 1 1 0 0 0 0 2 0 0 0 1 1 0 0 0 1 1 1 1 0 2 0 1 0 2 0 0 1 2 1 2 2 0 0 0 0 0 2 1 1 0 1 2 1 0 1 1 1 0 1 1 0 1 1 1 0 1 0 1 0 2 1 1 1 1 1 1
35 0 0 2 2 0 0 1 0 1 0 1 1 0 0 0 0 0 2 0 1 1 1 1 1 1 0 0 1 1 0 2 0 0 0 1 1 0 0 2 1 1 1 0 2 1 1 0 1 1 0 2 0 2 2 0 0 0 2 0 0 0 2 0 0 0 1 1 0 1 1 2 0 2 0 0 2 2 2 0 0 2 0 0 2 0 2 1 0 0 0 0 0 0 2 0 0 2 0 1 0 0 0 1 2 1 0 1 1 1 0 1 0 0 2 0 1 0 1 1 1 2 0 1 1 0 1 0 1 1 1 1 1 0 0 1 0 0 0 2 2 2 0 2 0 2 1 1 1 0 1 1 1 2 2 0 2 0 0 0 0 1 2 1 1 1 2 1 1 0 1 1 1 0 1 1 0 2 0 0 2 2 2 0 0 2 0 0 0 0 2 0 0 0 1 1 0 0 0 1 1 1 1 0 2 0 1 0 2 0 0 1 2 1 2 2 0 0 0 0 0 2 1 1 0 1 2 1 0 1 1 1 0 1 1 0 1 1 1 0 1 0 1 0 2 1 0 2 2 2 0
36 1 1 2 2 1 0 2 0 0 0 0 2 0 0 0 0 0 2 0 2 2 0 2 2 0 0 0 1 1 1 1 0 0 0 1 1 0 0 2 0 0 0 2 2 0 0 0 0 0 0 2 0 2 2 0 0 0 2 0 0 0 2 0 0 0 2 0 0 0 1 2 0 2 0 0 2 2 1 1 0 1 1 1 2 0 1 0 2 0 0 2 2 0 2 0 0 1 0 0 0 0 0 0 0 0 0 0 0 2 1 0 0 1 1 0 1 0 0 0 0 0 2 0 2 1 0 0 0 0 0 2 1 1 0 0 0 0 0 1 0 1 1 0 1 1 0 2 1 0 2 1 0 2 1 1 1 1 1 0 0 0 1 1 0 2 1 1 1 0 1 1 1 0 1 1 1 1 2 0 0 1 1 2 2 0 1 1 0 0 2 0 0 0 0 1 0 0 0 1 1 1 1 0 2 0 1 0 2 0 0 1 2 1 2 2 0 0 0 0 0 2 1 1 1 1 2 1 0 1 1 1 1 1 0 1 1 1 1 0 1 1 1 1 2 2 1 1 1 1 1
37 1 1 2 2 1 0 2 0 0 0 0 2 0 0 1 0 0 2 0 2 2 0 2 2 0 1 1 1 1 1 1 0 0 1 2 1 1 1 1 1 0 0 2 2 0 0 0 0 0 0 2 0 2 2 0 0 0 2 0 0 0 2 0 0 0 1 1 0 1 1 1 1 1 0 0 2 2 2 0 0 2 1 1 2 0 1 0 2 0 0 2 2 0 1 0 0 0 0 0 1 0 1 0 1 0 1 0 0 2 1 1 0 1 2 0 0 1 0 0 1 0 2 1 1 1 1 0 1 0 0 1 1 1 0 0 0 0 0 1 0 1 1 0 1 1 0 2 1 0 2 1 0 2 1 1 1 1 1 0 0 0 1 2 1 1 2 1 1 0 1 1 1 0 1 1 1 1 1 0 1 2 2 2 2 0 1 1 0 0 2 0 0 0 0 1 0 0 0 1 1 1 1 0 2 0 1 0 2 0 0 1 2 1 2 2 0 0 0 0 0 2 1 1 1 1 2 1 0 1 1 1 1 1 0 1 1 1 1 0 1 1 1 1 2 2 1 1 1 1 1
38 1 1 2 2 1 0 2 0 0 0 0 2 0 0 1 0 0 2 0 2 2 0 2 2 0 1 1 1 1 1 1 0 0 1 2 1 1 1 1 0 0 0 2 2 0 0 0 0 0 0 2 0 2 2 0 0 0 2 0 0 0 2 0 0 0 2 0 0 0 1 2 0 2 0 0 2 2 1 1 0 1 0 0 1 1 2 2 2 1 0 1 1 0 2 0 0 1 0 0 0 0 0 0 0 0 1 0 0 2 1 0 0 1 1 0 1 0 0 0 0 0 2 0 2 1 0 0 0 0 0 2 1 1 0 0 0 0 0 1 0 1 1 0 1 1 0 2 1 0 2 1 0 2 1 1 1 1 1 0 0 0 1 1 0 2 1 1 1 0 1 1 1 0 1 1 1 1 2 0 0 1 1 2 2 0 0 0 0 0 2 0 0 0 0 0 0 0 0 0 0 2 2 0 2 0 0 1 1 1 0 1 2 0 1 2 0 0 0 0 0 2 1 1 1 1 2 1 0 1 1 1 1 1 0 1 1 1 1 0 1 1 1 1 2 2 1 1 1 1 1
39 0 0 2 2 0 0 2 0 0 0 0 2 0 0 0 0 0 2 0 2 2 0 2 2 0 0 0 2 0 0 2 0 0 0 0 1 0 0 2 1 1 1 1 2 1 1 0 1 1 1 2 0 2 2 1 1 0 2 0 0 1 2 1 0 0 1 1 0 2 2 2 0 2 0 0 2 2 2 0 0 2 1 1 2 0 2 1 0 0 0 1 1 1 1 0 0 1 0 1 0 0 2 0 2 0 0 2 2 0 0 0 0 1 2 0 0 0 0 0 0 0 2 0 2 1 0 0 0 0 1 2 2 0 0 2 0 0 0 1 1 1 0 1 0 2 1 1 0 0 2 0 1 1 1 1 1 1 1 0 0 1 2 0 0 2 0 2 2 0 2 0 0 0 0 0 0 2 2 0 0 0 0 2 2 0 0 0 0 0 2 0 0 0 0 1 0 0 1 1 0 2 2 1 1 0 0 0 1 1 0 1 1 1 2 2 0 0 0 0 0 2 2 0 2 0 2 2 1 0 1 1 1 2 1 1 0 1 1 1 2 0 2 0 2 0 0 2 2 2 0
40 0 0 2 2 0 0 2 0 0 0 0 2 0 0 0 0 0 2 0 2 2 0 2 2 0 0 0 2 0 0 2 0 0 0 0 1 0 0 2 1 1 1 1 2 1 1 0 1 1 1 2 0 2 2 1 1 0 2 0 0 1 2 1 0 0 1 1 0 1 1 1 1 1 0 1 2 2 2 0 0 2 1 1 2 0 1 0 1 1 0 0 0 0 2 0 0 2 0 0 0 0 0 2 2 0 0 2 2 0 0 0 0 0 2 0 2 0 0 2 0 2 0 2 0 0 2 0 2 0 0 0 0 0 0 0 0 0 0 2 1 2 0 1 0 2 0 2 2 1 1 1 1 2 1 1 1 0 0 0 1 0 2 1 1 1 2 1 1 0 2 0 0 0 0 0 0 2 1 0 1 1 2 0 0 2 1 0 0 1 1 1 0 0 1 2 1 1 1 2 1 1 1 0 2 0 1 1 2 0 0 0 2 2 1 2 0 0 0 0 0 2 2 0 1 0 2 2 0 0 0 0 0 2 2 0 0 0 2 0 2 0 1 0 2 1 0 2 1 1 1
41 1 0 2 1 0 0 1 0 1 1 0 2 1 1 1 1 1 1 1 2 2 0 2 1 1 0 0 1 1 1 1 0 0 0 1 1 0 0 2 1 1 1 0 1 1 0 0 0 0 0 2 0 2 2 0 0 1 1 0 0 0 1 1 0 0 1 0 0 0 0 1 1 1 0 1 2 2 2 0 0 2 1 1 2 0 1 1 1 1 0 0 0 0 2 0 0 2 0 1 0 0 1 1 2 0 0 2 2 0 0 0 0 1 2 0 1 0 0 1 0 1 1 1 1 1 1 0 1 0 0 1 1 0 0 1 0 0 0 1 0 1 0 0 0 2 0 2 1 1 1 0 1 1 0 2 0 1 1 0 1 0 2 1 1 1 1 1 1 0 2 0 0 0 0 0 0 2 2 0 0 0 1 1 1 1 1 0 0 1 1 1 0 0 0 1 1 1 1 1 0 2 2 1 1 0 0 1 1 1 0 0 1 1 1 2 0 0 0 0 0 2 2 0 2 0 2 2 1 0 1 1 0 2 2 0 0 1 1 0 2 0 2 0 2 1 0 2 1 1 1
42 1 1 2 2 1 0 1 0 1 0 1 1 0 0 0 0 0 2 0 1 1 1 1 1 1 0 0 1 1 0 2 0 0 0 2 2 0 0 2 0 0 1 1 2 1 1 0 1 1 0 2 0 2 2 0 0 0 2 0 0 0 2 0 0 0 2 0 0 0 0 2 0 2 0 0 2 2 2 0 0 2 1 1 2 0 2 2 1 1 0 1 1 0 1 0 0 1 0 1 1 0 1 0 2 1 1 0 0 2 1 1 0 1 2 0 0 0 1 0 1 1 1 0 2 0 1 0 0 1 1 1 1 1 0 2 1 1 0 1 1 2 0 1 1 1 1 1 0 0 1 0 1 2 2 0 2 0 0 0 0 2 2 2 2 0 2 1 1 0 1 1 1 0 1 1 0 2 0 0 1 1 2 1 1 1 1 1 0 0 2 0 0 0 1 1 0 0 0 1 1 1 1 1 1 0 0 0 2 0 0 2 2 0 2 2 0 0 0 0 0 2 1 1 1 1 2 1 0 1 1 1 0 1 1 0 1 1 1 1 1 1 1 1 1 2 2 0 1 1 1
43 1 1 2 2 1 0 2 0 0 0 0 2 1 1 1 1 1 1 1 2 2 0 2 1 1 0 0 1 1 1 1 0 0 0 1 1 0 0 2 0 0 1 1 1 1 1 0 0 0 0 2 0 2 2 1 0 1 1 0 1 0 1 1 0 0 0 1 0 1 1 1 1 1 0 0 2 2 2 0 0 2 2 2 2 0 1 1 1 0 0 1 1 0 2 0 0 2 0 1 0 0 0 0 2 1 1 0 0 2 1 1 0 1 2 0 1 0 0 0 1 0 2 0 1 0 2 0 1 0 0 0 0 2 0 1 1 1 0 0 0 1 1 0 2 0 0 2 0 0 2 0 0 2 2 0 2 0 0 0 0 1 1 2 1 1 2 1 1 0 1 1 1 0 1 1 1 1 1 0 0 0 2 1 1 1 2 1 0 1 1 1 0 0 1 1 0 0 0 1 1 1 1 1 1 0 0 0 2 0 0 2 2 0 2 2 0 0 0 0 0 2 1 1 1 1 2 1 0 1 1 1 0 1 1 0 1 1 1 1 1 1 1 1 1 2 1 1 2 2 0
44 1 0 2 1 0 0 1 0 1 1 0 2 1 1 1 1 1 1 1 2 2 0 2 1 1 0 0 1 1 1 1 0 0 0 1 1 0 0 2 0 0 1 1 1 1 1 0 1 1 0 2 0 2 2 1 0 1 1 0 1 0 1 1 0 0 1 0 0 0 0 1 1 1 0 0 2 2 2 0 0 2 1 1 2 0 1 0 2 1 0 2 2 0 2 1 0 1 1 1 0 0 0 0 0 0 1 0 0 2 1 0 0 1 1 0 1 0 0 0 1 0 2 0 1 1 1 0 1 0 0 1 1 1 0 0 0 0 0 1 0 1 1 0 1 1 0 2 1 0 2 1 0 2 2 0 2 0 0 0 0 0 0 2 0 2 2 0 0 0 0 2 2 0 2 2 2 0 2 0 0 1 2 1 1 1 1 0 0 1 1 1 0 0 0 0 0 0 0 0 0 2 2 0 2 0 0 0 2 0 0 2 2 0 2 2 0 0 0 0 0 2 0 2 0 2 2 0 0 2 2 2 0 0 0 0 2 2 0 0 0 0 2 0 2 2 0 2 2 2 0
45 1 0 2 1 0 0 1 0 1 1 0 2 1 1 2 1 1 1 1 2 2 0 2 1 1 1 1 0 2 2 0 0 0 1 2 1 1 1 1 1 0 1 1 1 0 0 0 0 0 0 2 0 2 2 0 0 1 1 0 0 0 1 1 1 0 1 1 0 1 1 1 1 1 0 0 2 1 1 1 0 2 0 0 2 0 2 1 2 0 0 2 2 0 1 0 0 0 0 0 0 0 1 0 1 0 0 1 1 1 0 1 0 1 2 0 2 0 0 1 0 1 1 0 2 0 0 0 0 0 1 2 1 2 1 0 1 1 1 1 0 1 1 0 2 1 0 2 1 0 2 0 1 1 0 2 0 1 2 0 1 0 2 0 0 2 1 2 2 0 2 0 0 0 0 0 0 2 1 0 1 1 1 1 1 1 0 0 0 0 2 1 0 0 1 1 0 0 0 0 0 2 2 1 1 0 0 1 0 2 0 0 1 0 1 2 0 0 0 0 0 2 2 0 2 0 2 2 1 0 0 0 1 2 1 1 0 0 2 1 2 1 1 1 1 2 1 1 2 2 0
46 1 0 2 1 0 0 1 0 1 1 0 2 1 1 2 1 1 1 1 2 2 0 2 1 1 1 1 0 2 2 0 0 0 1 2 1 1 1 1 1 0 1 1 1 0 0 0 0 0 0 2 0 2 2 0 0 1 1 0 0 0 1 1 1 0 1 1 0 1 1 1 1 1 0 0 2 1 1 1 0 2 0 0 2 0 2 1 2 0 0 2 2 0 1 0 0 0 0 0 0 0 1 0 1 0 0 1 1 1 0 1 0 0 2 0 1 1 0 1 1 1 1 1 1 0 1 0 1 0 1 1 1 2 1 0 1 1 1 1 0 1 1 0 2 1 0 2 1 0 2 0 1 1 0 2 0 1 2 0 1 0 2 0 0 2 1 2 2 0 2 0 0 0 0 0 0 2 1 0 1 1 1 1 1 1 0 0 0 0 2 1 0 0 1 1 0 0 0 0 0 2 2 1 1 0 0 1 0 2 0 0 1 0 1 2 0 0 0 0 0 2 2 0 2 0 2 2 1 0 0 0 0 2 2 0 0 0 2 0 2 1 2 1 2 1 0 2 2 2 0
47 1 0 2 1 0 0 1 0 1 1 0 2 1 0 0 0 0 2 0 2 2 0 2 2 0 1 1 0 2 2 0 0 0 0 1 1 0 0 2 0 0 0 2 2 0 0 0 0 0 0 2 0 2 2 0 0 1 1 0 0 0 1 1 1 0 2 0 0 0 1 1 1 1 0 0 2 1 0 2 0 1 0 0 1 1 2 2 2 1 0 1 1 0 1 0 0 0 0 0 0 0 1 0 1 0 1 1 1 1 1 0 0 1 2 0 2 0 0 1 0 1 1 0 2 0 0 0 0 0 1 2 1 2 1 0 1 1 1 1 0 1 1 0 2 1 0 2 1 0 2 0 1 1 0 2 0 1 2 0 1 0 2 0 0 2 1 2 2 0 2 0 0 0 0 0 0 2 1 0 1 1 1 1 1 1 0 0 0 0 2 1 0 0 1 1 0 0 0 0 0 2 2 1 1 0 0 1 0 2 0 0 1 0 1 2 0 0 0 0 0 2 2 0 2 0 2 2 1 0 0 0 1 2 1 1 0 0 2 1 2 1 1 1 1 2 1 1 2 2 0
48 1 1 2 2 1 0 2 0 0 0 0 2 0 0 0 0 0 2 0 2 2 0 2 2 0 0 0 2 0 0 2 0 0 0 1 1 0 0 2 1 1 0 1 2 1 0 0 0 0 0 2 0 2 2 0 0 0 2 0 0 0 2 0 0 0 2 0 0 0 0 1 1 1 0 1 2 2 2 0 0 2 1 1 2 0 1 1 2 2 0 1 1 0 1 0 0 1 0 0 1 0 1 0 2 0 1 1 1 1 1 0 0 0 1 0 0 0 0 0 0 0 2 0 2 1 0 0 0 0 1 2 2 0 0 1 0 0 0 2 1 2 0 1 0 2 1 1 1 0 2 1 1 2 2 0 2 0 0 0 0 1 1 1 0 2 1 1 1 0 1 1 1 0 1 1 1 1 2 0 0 1 1 2 2 0 0 0 0 0 2 0 0 0 0 1 0 0 1 1 0 2 2 0 2 0 0 0 2 0 0 2 2 1 2 2 0 0 0 0 0 2 1 1 1 1 2 1 0 1 1 1 1 1 0 1 1 1 1 1 1 0 2 0 2 1 0 2 2 2 0
49 1 0 2 1 0 0 1 0 1 1 0 2 1 1 1 1 1 1 1 2 2 0 2 1 1 0 0 1 1 1 1 0 0 0 1 2 0 0 2 0 0 2 1 1 2 2 0 0 0 0 2 0 2 2 1 0 1 1 0 1 0 1 1 0 0 1 0 0 0 0 0 2 0 0 1 2 2 2 0 0 2 2 2 2 0 0 0 2 1 0 1 1 0 2 0 0 2 0 0 0 0 0 1 1 0 0 1 1 1 0 0 0 0 1 0 1 0 0 1 0 1 1 1 1 1 1 0 1 0 0 1 1 0 0 0 0 0 0 2 0 2 0 1 0 2 1 1 1 0 2 1 1 2 2 0 2 0 0 0 0 1 1 1 0 2 1 1 1 0 1 1 1 0 1 1 1 1 2 0 0 1 1 2 2 0 0 0 0 0 2 0 0 0 0 1 0 0 1 1 0 2 2 0 2 0 0 0 2 0 0 2 2 1 2 2 0 0 0 0 0 2 1 1 1 1 2 1 0 1 1 1 1 1 0 1 1 1 1 1 1 0 2 0 2 1 0 2 2 2 0
50 1 1 2 2 1 0 2 0 0 0 0 2 0 0 0 0 0 2 0 2 2 0 2 2 0 0 0 2 0 0 2 0 0 0 1 1 0 0 2 1 1 0 1 2 1 0 0 0 0 0 2 0 2 2 0 0 0 2 0 0 0 2 0 0 0 2 0 0 0 0 1 1 1 0 1 2 2 2 0 0 2 1 1 2 0 1 1 2 2 0 1 1 0 1 0 0 1 0 0 0 0 0 1 1 0 0 1 1 1 0 0 0 0 1 0 1 0 0 1 0 1 1 1 1 1 1 0 1 0 0 1 1 0 0 0 0 0 0 2 0 2 0 0 0 2 0 2 2 1 1 1 1 2 1 1 1 0 0 0 1 0 1 2 1 1 2 0 0 0 1 1 1 0 1 1 1 1 2 0 0 1 2 1 1 1 1 0 0 1 1 1 0 0 0 1 1 1 1 1 0 2 2 0 2 0 0 1 2 0 0 1 2 1 1 2 0 0 0 0 0 2 1 1 1 1 2 1 0 1 1 1 0 2 2 0 0 0 2 1 2 1 1 1 1 2 1 1 1 1 1
51 1 1 2 2 1 0 2 0 0 0 0 2 1 1 1 1 1 1 1 2 2 0 2 1 1 0 0 1 1 1 1 0 0 0 1 1 0 0 2 1 1 1 0 1 2 1 0 0 0 0 2 0 2 2 0 0 0 2 0 0 0 2 0 0 0 1 1 0 1 1 2 0 2 0 0 2 2 2 0 0 2 1 1 2 0 2 2 1 1 0 1 1 0 1 0 0 1 0 1 0 0 0 0 1 1 0 0 0 2 0 1 0 0 1 0 1 0 0 0 0 0 2 0 2 1 1 0 0 0 0 1 1 1 0 1 1 1 0 1 0 2 0 0 1 1 0 2 1 0 2 1 0 2 2 0 2 0 0 0 0 1 1 2 1 1 2 1 1 0 1 1 1 0 1 1 1 1 1 0 0 1 2 2 2 0 1 1 0 0 2 1 0 0 1 2 1 1 1 2 1 1 1 1 1 0 0 1 2 0 0 1 2 1 1 2 0 0 0 0 0 2 2 0 2 0 2 2 0 0 0 0 0 2 2 0 0 0 2 1 2 1 1 0 2 2 0 2 1 1 1
52 0 0 2 2 0 0 2 0 0 0 0 2 0 0 0 0 0 2 0 2 2 0 2 2 0 0 0 2 0 0 2 0 0 0 0 0 0 0 2 1 1 0 1 2 1 0 0 0 0 0 2 0 2 2 0 0 0 2 0 0 0 2 0 0 0 1 1 0 1 1 2 0 2 0 0 2 2 2 0 0 2 1 1 2 0 2 2 1 1 0 1 1 0 1 0 0 1 0 1 0 0 0 0 1 1 0 0 0 2 0 1 0 0 1 0 1 0 0 0 1 0 2 0 1 1 1 0 1 0 0 1 1 1 0 0 0 0 0 1 0 1 1 0 1 1 0 2 1 0 2 1 0 2 2 0 2 0 0 0 0 0 0 2 0 2 2 0 0 0 0 2 2 0 2 2 2 0 2 0 0 1 2 1 1 1 1 0 0 1 1 1 0 0 0 0 0 0 0 0 0 2 2 0 2 0 0 0 2 0 0 2 2 0 2 2 0 0 0 0 0 2 0 2 0 2 2 0 0 2 2 2 0 1 1 0 1 1 1 1 1 1 1 1 1 2 1 1 2 2 0
53 1 1 2 2 1 0 2 0 0 0 0 2 1 1 1 1 1 1 1 2 2 0 2 1 1 0 0 1 1 1 1 0 0 0 1 1 0 0 2 1 1 1 0 1 2 1 0 0 0 0 2 0 2 2 1 0 1 1 0 1 0 1 1 0 0 1 0 0 0 0 0 2 0 0 1 2 2 2 0 0 2 2 2 2 0 0 0 2 1 0 1 1 0 2 0 0 2 0 0 0 0 0 1 2 0 1 1 1 1 1 0 0 1 2 0 1 0 0 1 1 1 1 1 0 0 2 0 2 0 0 0 0 1 0 0 0 0 0 1 0 1 1 0 1 1 0 2 1 1 1 0 1 2 1 1 1 0 0 0 1 0 1 2 1 1 2 0 0 0 1 1 1 0 1 1 1 1 2 0 0 0 2 0 0 2 2 0 0 2 0 2 0 0 0 1 1 1 1 1 0 2 2 0 2 0 0 1 2 0 0 1 2 1 1 2 0 0 0 0 0 2 1 1 1 1 2 1 0 1 1 1 0 1 1 0 1 1 1 0 1 0 2 0 2 2 0 2 1 1 1
54 1 0 2 1 0 0 1 0 1 1 0 2 1 1 1 1 1 1 1 2 2 0 2 1 1 1 1 0 2 2 0 0 0 0 2 2 0 0 2 0 0 1 1 1 1 1 0 0 0 0 2 0 2 2 1 0 2 0 0 1 0 0 2 1 0 1 0 0 0 0 0 2 0 0 0 2 1 1 1 0 2 1 1 2 0 1 1 2 0 0 2 2 0 1 0 0 1 0 0 0 0 1 0 1 0 0 1 1 1 0 0 0 0 1 0 1 0 0 1 0 1 1 0 2 1 0 0 0 0 1 2 2 1 1 0 1 1 1 2 0 2 0 0 1 2 0 2 2 0 2 1 1 1 2 0 2 0 0 0 0 1 0 1 0 2 2 1 1 0 1 1 1 1 1 1 1 1 1 0 1 2 2 2 2 0 0 0 0 1 1 1 1 1 0 1 0 0 1 1 1 1 1 0 2 1 1 0 2 0 1 2 2 1 2 2 0 0 0 0 0 2 1 1 1 1 2 1 0 1 1 1 0 1 1 0 1 1 1 0 1 1 2 1 2 1 0 2 2 2 0
55 1 0 2 1 0 0 1 0 1 1 0 2 1 1 1 1 1 1 1 2 2 0 2 1 1 0 0 1 1 1 1 0 0 0 1 2 0 0 2 0 0 2 1 1 2 2 0 1 1 1 2 0 2 2 2 1 1 1 0 1 1 1 2 0 0 1 0 0 1 1 1 1 1 0 0 2 2 2 0 0 2 2 2 2 0 1 1 1 0 0 2 2 1 1 0 0 1 0 0 0 0 1 0 1 0 1 1 1 1 1 0 0 1 2 0 1 0 0 0 1 0 2 0 1 0 1 0 1 0 1 1 1 1 0 1 0 0 0 1 1 1 1 1 1 1 1 1 0 0 2 0 1 2 2 0 2 0 0 0 0 1 1 1 0 2 1 0 0 0 1 1 1 0 1 1 1 1 2 0 0 0 2 0 0 2 2 0 0 2 0 2 0 0 0 1 1 1 1 1 0 2 2 0 2 0 0 1 2 0 0 1 2 1 1 2 0 0 0 0 0 2 1 1 1 1 2 1 0 1 1 1 0 1 1 0 1 1 1 0 1 1 2 1 2 1 0 2 2 2 0
56 0 0 2 2 0 0 2 0 0 0 0 2 0 0 0 0 0 2 0 2 2 0 2 2 0 1 1 1 1 1 1 0 0 0 1 1 0 0 2 0 0 0 2 2 0 0 0 0 0 0 2 0 2 2 1 0 2 0 0 1 0 0 2 1 0 1 0 0 0 0 0 2 0 0 0 2 1 1 1 0 2 1 1 2 0 1 1 2 0 0 2 2 0 1 0 0 1 0 0 0 0 1 0 1 0 1 1 1 1 1 0 0 1 2 0 2 0 0 0 1 0 2 0 1 0 1 0 1 0 1 1 1 1 0 1 0 0 0 1 1 1 1 1 1 1 1 1 0 0 2 0 1 2 2 0 2 0 0 0 0 1 1 1 0 2 1 0 0 0 1 1 1 0 1 1 1 1 2 0 0 0 2 0 0 2 2 0 0 2 0 2 0 0 0 1 1 1 1 1 0 2 2 0 2 0 0 1 2 0 0 1 2 1 1 2 0 0 0 0 0 2 1 1 1 1 2 1 0 1 1 1 0 1 1 0 1 1 1 0 1 0 2 0 2 2 0 2 1 1 1
57 0 0 2 2 0 0 2 0 0 0 0 2 0 0 1 0 0 2 0 2 2 0 2 2 0 1 1 1 1 1 1 0 0 1 1 0 1 1 1 1 1 0 1 2 0 0 0 0 0 0 2 0 2 2 0 0 1 1 0 0 0 2 0 0 0 1 1 0 1 2 2 0 2 0 0 2 2 1 1 0 1 0 0 1 1 2 1 2 1 0 1 1 0 2 0 0 0 0 0 0 0 0 0 0 0 1 0 0 2 1 1 0 1 2 0 1 1 0 0 1 0 2 1 1 0 1 0 1 0 0 1 0 2 0 0 0 0 0 1 0 1 1 0 1 1 0 2 1 0 2 1 0 2 1 1 1 1 1 0 0 0 1 2 1 1 2 1 1 0 1 1 1 0 1 1 1 1 1 0 1 2 2 2 2 0 1 1 0 0 2 0 0 0 0 1 0 0 0 1 1 1 1 0 2 0 1 0 2 0 0 1 2 1 2 2 0 0 0 0 0 2 1 1 1 1 2 1 0 1 1 1 1 1 0 1 1 1 1 0 1 1 2 0 2 1 0 2 2 2 0
58 0 0 2 2 0 0 2 0 0 0 0 2 0 0 2 0 0 2 0 2 2 0 2 2 0 1 1 1 1 1 1 0 0 1 1 0 1 1 1 1 1 0 1 2 0 0 0 0 0 0 2 0 2 2 0 0 1 1 0 0 0 1 1 0 0 1 0 0 0 1 2 0 2 0 0 2 2 1 1 0 1 0 0 1 1 2 2 1 1 0 0 0 0 2 0 0 1 0 1 0 0 1 0 1 0 1 1 1 1 1 0 0 2 2 0 1 0 0 0 0 0 2 0 2 1 0 0 0 0 0 2 1 1 0 1 0 0 0 0 0 0 1 0 1 1 0 2 0 0 2 0 0 1 0 2 0 2 2 0 0 0 2 0 0 2 0 2 2 0 1 1 1 0 1 1 1 1 2 0 0 1 1 2 2 0 0 0 0 0 2 0 0 0 0 0 0 0 0 0 0 2 2 1 1 0 0 0 1 1 0 1 1 0 2 2 0 0 0 0 0 2 1 1 1 1 2 1 1 1 2 2 0 1 1 0 1 2 0 0 1 0 2 0 2 1 0 2 2 2 0
59 1 1 2 2 1 0 2 0 0 0 0 2 0 0 0 0 0 2 0 2 2 0 2 2 0 0 0 2 0 0 2 0 0 0 1 1 0 0 2 1 1 0 1 2 0 0 0 0 0 0 2 0 2 2 0 0 1 1 0 0 0 1 1 0 0 1 0 0 0 0 2 0 2 0 0 2 2 2 0 0 2 0 0 2 0 2 2 1 0 0 1 1 0 2 0 0 2 0 1 0 0 1 0 1 0 0 1 1 1 0 0 0 2 2 0 1 0 0 0 0 0 2 0 2 1 0 0 0 0 0 2 1 1 0 1 0 0 0 0 0 0 1 0 1 1 0 2 0 0 2 0 0 1 0 2 0 2 2 0 0 0 2 0 0 2 0 2 2 0 2 0 0 0 0 0 0 2 1 0 1 1 1 2 2 0 1 1 0 0 2 0 0 0 0 1 0 0 0 1 1 1 1 0 2 0 1 1 1 1 0 0 2 1 1 2 0 0 0 0 0 2 2 0 2 0 2 2 1 0 1 1 1 2 1 1 0 1 1 0 2 1 1 1 2 1 1 1 1 1 1
60 0 0 2 2 0 0 2 0 0 0 0 2 0 0 0 0 0 2 0 2 2 0 2 2 0 0 0 2 0 0 2 0 0 0 0 1 0 0 2 1 1 1 1 2 2 1 0 1 1 1 2 0 2 2 1 1 0 2 0 0 1 2 1 0 0 2 0 0 1 1 1 1 1 0 1 2 2 2 0 0 2 2 2 2 0 1 1 1 1 0 1 1 1 1 0 0 1 0 0 0 0 1 1 2 0 0 2 2 0 0 0 0 0 2 0 1 0 0 1 0 1 1 1 1 0 1 0 1 0 1 1 1 0 0 1 0 0 0 2 1 2 0 0 1 2 0 2 2 1 1 0 2 1 1 1 1 0 0 0 1 1 1 1 1 1 2 1 1 0 2 0 0 1 0 0 0 2 1 0 1 1 2 1 1 1 1 0 0 2 0 2 1 1 0 2 1 1 2 2 1 1 1 0 2 1 1 1 2 0 1 1 2 2 1 2 0 0 0 0 0 2 2 0 2 0 2 2 0 0 0 0 0 2 2 0 0 0 2 0 2 1 2 1 2 1 0 2 1 1 1
61 1 1 2 2 1 0 2 0 0 0 0 2 0 0 0 0 0 2 0 2 2 0 2 2 0 0 0 2 0 0 2 0 0 0 1 2 0 0 2 0 0 1 2 2 1 1 0 1 1 1 2 0 2 2 1 1 0 2 0 0 1 2 1 0 0 2 0 0 1 1 2 0 2 0 0 2 2 2 0 0 2 1 1 2 0 2 2 1 1 0 2 2 1 0 0 0 0 0 0 0 0 1 0 1 0 0 1 1 1 0 0 0 0 1 0 1 0 0 1 0 1 1 0 2 1 0 0 0 0 1 2 2 1 1 0 1 1 1 2 0 2 0 0 1 2 0 2 2 1 1 0 2 1 1 1 1 0 0 0 1 1 1 1 1 1 2 1 1 0 2 0 0 1 0 0 0 2 1 0 1 1 2 1 1 1 1 0 0 2 0 2 1 1 0 2 1 1 2 2 1 1 1 0 2 1 1 1 2 0 1 1 2 2 0 2 0 0 0 0 0 2 2 0 2 0 2 2 0 0 0 0 0 2 2 0 0 0 2 0 2 0 2 0 2 2 0 2 0 0 2
62 1 1 2 2 1 0 2 0 0 0 0 2 0 0 0 0 0 2 0 2 2 0 2 2 0 1 1 1 1 1 1 0 0 0 2 2 0 0 2 0 0 0 2 2 0 0 0 0 0 0 2 0 2 2 0 0 1 1 0 0 0 1 1 1 0 2 0 0 0 0 1 1 1 0 0 2 1 1 1 0 2 0 0 2 0 2 2 2 1 0 2 2 0 0 0 0 0 0 0 0 0 1 0 1 0 0 1 1 1 0 0 0 0 1 0 1 0 0 1 0 1 1 0 2 1 0 0 0 0 1 2 2 1 1 0 1 1 1 2 0 2 0 0 1 2 0 2 2 0 2 1 1 1 2 0 2 0 0 0 0 1 0 1 0 2 2 1 1 0 1 1 1 1 1 1 1 1 1 0 1 2 2 2 2 0 0 0 0 1 1 1 1 1 0 1 0 0 1 1 1 1 1 0 2 1 1 0 2 0 1 2 2 1 2 2 0 0 0 0 0 2 1 1 1 1 2 1 0 1 1 1 0 2 2 0 0 0 2 1 2 2 1 2 1 1 1 1 2 2 0
63 0 0 2 2 0 0 2 0 0 0 0 2 0 0 1 0 0 2 0 2 2 0 2 2 0 1 1 1 1 1 1 0 0 1 1 0 1 1 1 1 0 0 2 2 0 0 0 1 1 0 2 0 2 2 0 0 0 2 0 0 0 2 0 0 0 1 1 0 1 1 2 0 2 0 0 2 2 2 0 0 2 1 1 2 0 1 0 2 0 0 2 2 0 2 0 0 1 0 0 0 0 1 0 1 0 0 1 1 1 0 0 0 1 1 0 0 0 0 0 0 0 2 0 2 2 0 0 0 0 0 2 2 0 0 1 0 0 0 1 0 1 0 0 0 2 0 2 1 0 2 1 0 1 1 1 1 1 1 0 0 0 1 1 0 2 1 1 1 0 1 1 1 0 1 1 1 1 2 0 0 1 1 2 2 0 0 0 0 0 2 0 0 0 0 0 0 0 0 0 0 2 2 1 1 0 0 0 1 1 0 1 1 0 2 2 0 0 0 0 0 2 1 1 1 1 2 1 1 1 2 2 0 1 1 0 1 2 0 0 1 0 2 0 2 1 0 2 2 2 0
64 1 0 2 1 0 0 1 0 1 1 0 2 1 1 1 1 1 1 1 2 2 0 2 1 1 0 0 1 1 1 1 0 0 0 1 1 0 0 2 1 1 1 0 1 1 1 0 0 0 0 2 0 2 2 1 0 2 0 0 1 0 0 2 0 0 0 0 0 0 0 1 1 1 0 0 2 2 2 0 0 2 1 1 2 0 1 1 1 0 0 1 1 0 2 0 0 2 0 1 0 0 1 0 1 0 0 1 1 1 0 0 0 1 1 0 0 0 0 0 0 0 2 0 2 2 0 0 0 0 0 2 2 0 0 1 0 0 0 1 0 1 1 0 1 1 0 2 1 0 2 1 0 2 1 1 1 1 1 0 0 0 1 2 1 1 2 1 1 0 1 1 1 0 1 1 1 1 1 0 1 1 2 1 1 1 2 1 0 1 1 1 0 0 0 1 0 0 0 1 1 1 1 0 2 0 1 0 2 0 0 1 2 1 2 2 0 0 0 0 0 2 1 1 1 1 2 1 0 1 1 1 1 1 0 1 1 1 1 0 1 1 1 1 2 2 1 1 2 2 0
65 1 0 2 1 0 0 1 0 1 1 0 2 1 1 2 1 1 1 1 2 2 0 2 1 1 1 1 0 2 2 0 0 0 1 2 1 1 1 1 1 0 1 1 1 1 1 0 0 0 0 2 0 2 2 1 0 2 0 0 1 0 0 2 0 0 0 0 0 0 0 1 1 1 0 0 2 2 2 0 0 2 0 0 2 0 2 1 1 1 0 1 1 0 2 1 0 1 1 2 0 0 1 0 1 0 1 1 1 1 1 0 0 2 2 0 1 0 0 0 1 0 2 0 1 1 1 0 1 0 0 1 1 1 0 1 0 0 0 0 0 0 1 0 1 1 0 2 0 0 2 0 0 1 1 1 1 1 1 0 0 0 1 1 0 2 1 1 1 0 1 1 1 0 1 1 1 1 2 0 0 0 1 1 1 1 1 0 0 1 1 1 0 0 0 0 0 0 0 0 0 2 2 1 1 0 0 0 1 1 0 1 1 0 2 2 0 0 0 0 0 2 1 1 1 1 2 1 1 1 2 2 0 1 1 0 1 2 0 0 1 0 2 0 2 1 0 2 2 2 0
66 0 0 2 2 0 0 2 0 0 0 0 2 0 0 0 0 0 2 0 2 2 0 2 2 0 0 0 2 0 0 2 0 0 0 1 1 0 0 2 0 0 0 2 2 0 0 0 0 0 0 2 0 2 2 0 0 0 2 0 0 0 2 0 0 0 1 1 0 1 2 2 0 2 0 0 2 2 1 1 0 1 1 1 1 1 2 2 1 1 0 0 0 0 2 0 0 1 0 1 0 0 0 0 1 1 1 0 0 2 1 1 0 1 2 0 2 0 0 0 1 0 2 0 1 0 1 0 1 0 0 1 0 2 0 0 0 0 0 0 0 0 1 0 1 1 0 2 1 0 2 1 0 2 2 0 2 0 0 0 0 0 0 2 0 2 2 0 0 0 0 2 2 0 2 2 2 0 2 0 0 1 2 1 1 1 1 0 0 1 1 1 0 0 0 1 0 0 0 1 1 1 1 1 1 0 0 0 2 0 0 2 2 0 2 2 0 0 0 0 0 2 1 1 1 1 2 1 0 1 1 1 0 1 1 0 1 1 1 1 1 1 1 1 1 2 1 1 2 2 0
67 0 0 2 2 0 0 2 0 0 0 0 2 0 0 1 0 0 2 0 2 2 0 2 2 0 1 1 1 1 1 1 0 0 1 1 0 1 1 1 0 0 0 2 2 0 0 0 0 0 0 2 0 2 2 0 0 0 2 0 0 0 2 0 0 0 1 1 0 1 2 2 0 2 0 0 2 2 1 1 0 1 1 1 1 1 2 2 1 1 0 0 0 0 2 0 0 1 0 1 0 0 0 0 1 1 0 0 0 2 0 1 0 0 1 0 1 0 0 0 1 0 2 0 1 1 1 0 1 0 0 1 1 1 0 0 0 0 0 1 0 1 1 0 1 1 0 2 1 0 2 1 0 2 2 0 2 0 0 0 0 0 0 2 0 2 2 0 0 0 0 2 2 0 2 2 2 0 2 0 0 1 2 1 1 1 1 0 0 1 1 1 0 0 0 0 0 0 0 0 0 2 2 0 2 0 0 0 2 0 0 2 2 0 2 2 0 0 0 0 0 2 0 2 0 2 2 0 0 2 2 2 0 0 0 0 2 2 0 0 0 0 2 0 2 2 0 2 2 2 0
68 0 0 2 2 0 0 2 0 0 0 0 2 0 0 1 0 0 2 0 2 2 0 2 2 0 1 1 1 1 1 1 0 0 1 1 0 1 1 1 0 0 0 2 2 0 0 0 0 0 0 2 0 2 2 0 0 0 2 0 0 0 2 0 0 0 1 0 0 0 1 1 1 1 0 0 2 2 1 1 0 1 1 1 1 1 1 1 2 1 0 1 1 0 2 0 0 1 0 0 0 0 0 0 1 0 2 0 0 2 2 0 0 2 2 0 1 0 0 0 0 0 2 0 2 0 1 0 0 0 0 1 0 2 0 1 1 1 0 0 0 1 1 0 2 0 0 2 0 0 2 0 0 2 1 1 1 1 1 0 0 0 1 1 0 2 1 1 1 0 1 1 1 0 1 1 1 1 2 0 0 0 1 1 1 1 1 0 0 1 1 1 0 0 0 0 0 0 0 0 0 2 2 0 2 0 0 1 1 1 0 1 2 0 1 2 0 0 0 0 0 2 1 1 1 0 2 2 0 0 0 0 1 2 1 1 0 0 2 1 2 2 0 2 1 2 2 0 1 1 1
69 1 1 2 2 1 0 2 0 0 0 0 2 0 0 1 0 0 2 0 2 2 0 2 2 0 1 1 1 1 1 1 0 0 1 2 1 1 1 1 1 0 0 2 2 0 0 0 0 0 0 2 0 2 2 0 0 0 2 0 0 0 2 0 0 0 1 1 0 1 1 1 1 1 0 1 2 2 2 0 0 2 1 1 2 0 1 0 2 1 0 1 1 0 2 0 0 1 0 0 0 0 0 1 1 0 0 1 1 1 0 1 0 0 2 0 1 1 0 1 1 1 1 2 0 0 2 0 2 0 0 0 0 1 0 0 0 0 0 1 0 1 1 0 1 1 0 2 1 1 1 0 1 2 0 2 0 1 1 0 1 0 2 1 1 1 1 1 1 0 2 0 0 0 0 0 0 2 2 0 0 0 1 1 1 1 1 0 0 1 1 1 0 0 0 1 1 1 1 1 0 2 2 1 1 0 0 1 1 1 0 0 1 1 1 2 0 0 0 0 0 2 2 0 2 0 2 2 1 0 1 1 0 2 2 0 0 1 1 0 2 0 2 0 2 1 0 2 1 1 1
70 1 1 2 2 1 0 2 0 0 0 0 2 0 0 0 0 0 2 0 2 2 0 2 2 0 0 0 2 0 0 2 0 0 0 1 1 0 0 2 1 1 0 1 2 0 0 0 0 0 0 2 0 2 2 0 0 1 1 0 0 0 1 1 0 0 1 0 0 0 0 2 0 2 0 0 2 2 2 0 0 2 0 0 2 0 2 2 1 1 0 1 1 0 1 0 0 1 0 1 0 0 1 0 1 0 0 1 1 1 0 0 0 1 1 0 0 0 0 0 0 0 2 0 2 2 0 0 1 0 0 1 1 0 0 1 0 0 0 1 0 1 0 0 0 2 0 2 1 1 1 0 1 1 0 2 0 1 1 0 1 0 2 1 1 1 1 1 1 0 2 0 0 0 0 0 0 2 2 0 0 0 1 1 1 1 1 0 0 1 1 1 0 0 0 1 1 1 1 1 0 2 2 1 1 0 0 1 1 1 0 0 1 1 1 2 0 0 0 0 0 2 2 0 2 0 2 2 1 0 1 1 0 2 2 0 0 1 1 0 2 0 2 0 2 1 0 2 1 1 1
71 1 1 2 2 1 0 2 0 0 0 0 2 0 0 1 0 0 2 0 2 2 0 2 2 0 1 1 1 1 1 1 0 0 1 2 1 1 1 1 1 0 0 2 2 0 0 0 0 0 0 2 0 2 2 0 0 0 2 0 0 0 2 0 0 0 1 1 0 1 1 1 1 1 0 1 2 2 2 0 0 2 1 1 2 0 1 0 2 1 0 1 1 0 2 0 0 1 0 0 0 0 0 1 1 0 0 1 1 1 0 1 0 0 2 0 1 1 0 1 1 1 1 2 0 0 2 0 2 0 0 0 0 1 0 0 0 0 0 1 0 1 1 0 1 1 0 2 1 1 1 0 1 2 0 2 0 1 1 0 1 0 2 2 2 0 2 1 1 0 2 0 0 0 0 0 0 2 1 0 1 1 2 1 1 1 2 1 0 1 1 1 0 0 0 2 1 1 1 2 1 1 1 0 2 0 1 1 2 0 0 0 2 2 1 2 0 0 0 0 0 2 2 0 2 0 2 2 0 0 0 0 1 2 1 1 0 0 2 0 2 1 1 1 2 2 1 1 1 1 1
72 1 0 2 1 0 0 1 0 1 1 0 2 1 1 1 1 1 1 1 2 2 0 2 1 1 0 0 1 1 1 1 0 0 0 1 1 0 0 2 0 0 1 1 1 1 1 0 0 0 0 2 0 2 2 1 0 1 1 0 1 0 1 1 0 0 0 1 0 1 1 1 1 1 0 0 2 2 2 0 0 2 2 2 2 0 1 1 1 0 0 1 1 0 2 0 0 2 0 1 0 0 0 0 1 1 0 0 0 2 0 1 0 0 1 0 1 0 0 0 1 0 2 0 1 1 1 0 1 0 0 1 1 1 0 0 0 0 0 1 0 1 1 0 1 1 0 2 1 0 2 1 0 2 2 0 2 0 0 0 0 0 0 2 0 2 2 0 0 0 0 2 2 0 2 2 2 0 2 0 0 1 2 1 1 1 1 0 0 1 1 1 0 0 0 0 0 0 0 0 0 2 2 0 2 0 0 0 2 0 0 2 2 0 2 2 0 0 0 0 0 2 0 2 0 2 2 0 0 2 2 2 0 0 0 0 2 2 0 0 0 0 2 0 2 2 0 2 2 2 0
73 0 0 2 2 0 0 2 0 0 0 0 2 0 0 0 0 0 2 0 2 2 0 2 2 0 0 0 2 0 0 2 0 0 0 0 0 0 0 2 0 0 0 2 2 0 0 0 1 1 0 2 0 2 2 0 0 0 2 0 0 0 2 0 0 0 1 1 0 1 1 2 0 2 0 0 2 2 2 0 0 2 1 1 2 0 2 1 1 1 0 1 1 0 2 1 0 1 1 2 0 0 0 0 1 1 1 0 0 2 1 1 0 1 2 0 2 0 0 0 2 0 2 0 0 0 2 0 2 0 0 0 0 2 0 0 0 0 0 0 0 0 2 0 2 0 0 2 0 0 2 0 0 2 2 0 2 0 0 0 0 0 0 2 0 2 2 0 0 0 0 2 2 0 2 2 2 0 2 0 0 0 2 0 0 2 2 0 0 2 0 2 0 0 0 0 0 0 0 0 0 2 2 0 2 0 0 0 2 0 0 2 2 0 2 2 0 0 0 0 0 2 0 2 0 2 2 0 0 2 2 2 0 0 0 0 2 2 0 0 0 0 2 0 2 2 0 2 2 2 0
74 1 1 2 2 1 0 2 0 0 0 0 2 1 1 1 1 1 1 1 2 2 0 2 1 1 0 0 1 1 1 1 0 0 0 0 0 0 0 2 0 0 0 2 2 0 0 0 1 1 0 2 0 2 2 0 0 0 2 0 0 0 2 0 0 0 1 1 0 1 1 2 0 2 0 0 2 2 2 0 0 2 1 1 2 0 2 1 1 1 0 1 1 0 2 0 0 2 0 1 0 0 0 0 1 1 0 0 0 2 0 1 0 0 1 0 1 0 0 0 1 0 2 0 1 1 1 0 1 0 0 1 1 1 0 0 0 0 0 1 0 1 1 0 1 1 0 2 1 0 2 1 0 2 2 0 2 0 0 0 0 0 0 2 0 2 2 0 0 0 0 2 2 0 2 2 2 0 2 0 0 0 2 0 0 2 2 0 0 2 0 2 0 0 0 0 0 0 0 0 0 2 2 0 2 0 0 0 2 0 0 2 2 0 2 2 0 0 0 0 0 2 0 2 0 2 2 0 0 2 2 2 0 0 0 0 2 2 0 0 0 0 2 0 2 2 0 2 2 2 0
75 0 0 2 2 0 0 2 0 0 0 0 2 0 0 1 0 0 2 0 2 2 0 2 2 0 2 2 0 2 2 0 0 0 1 2 1 1 1 1 0 0 0 2 2 0 0 0 0 0 0 2 0 2 2 0 0 1 1 0 0 0 1 1 1 0 2 0 0 0 1 1 1 1 0 0 2 1 1 1 0 2 0 0 2 0 2 2 1 0 0 2 2 1 1 0 0 1 0 0 0 0 1 0 1 0 0 1 1 1 0 0 0 0 1 0 0 0 0 0 0 0 2 0 2 1 0 0 0 0 1 2 1 1 0 1 0 0 0 1 1 1 1 1 1 1 1 1 0 0 2 0 1 2 1 1 1 1 1 0 0 1 2 0 0 2 0 1 1 0 2 0 0 0 0 0 0 2 2 0 0 0 1 1 1 1 1 0 0 1 1 1 0 0 0 1 1 1 1 1 0 2 2 0 2 0 0 2 1 0 0 1 2 1 1 2 0 0 0 0 0 2 1 1 1 1 2 1 0 1 1 1 0 1 1 0 1 1 1 0 1 0 2 0 2 2 0 2 1 1 1
76 1 1 2 2 1 0 2 0 0 0 0 2 0 0 0 0 0 2 0 2 2 0 2 2 0 0 0 2 0 0 2 0 0 0 1 2 0 0 2 0 0 1 2 2 1 1 0 1 1 1 2 0 2 2 1 1 0 2 0 0 1 2 1 0 0 2 0 0 1 1 2 0 2 0 0 2 2 2 0 0 2 1 1 2 0 2 2 1 0 0 2 2 1 1 0 0 1 0 0 0 0 1 0 1 0 0 1 1 1 0 0 0 0 1 0 1 0 0 1 0 1 1 0 2 1 0 0 0 0 1 2 2 1 1 0 1 1 1 2 0 2 0 0 1 2 0 2 2 0 2 1 1 1 2 0 2 0 0 0 0 1 0 1 0 2 2 1 1 0 1 1 1 1 1 1 1 1 1 0 1 2 2 2 2 0 0 0 0 1 1 1 1 1 0 1 0 0 1 1 1 1 1 0 2 1 1 0 2 0 1 2 2 1 2 2 0 0 0 0 0 2 1 1 1 1 2 1 0 1 1 1 0 1 1 0 1 1 1 0 1 2 1 2 2 1 1 1 1 1 1
77 0 0 2 2 0 0 2 0 0 0 0 2 0 0 1 0 0 2 0 2 2 0 2 2 0 1 1 1 1 1 1 0 0 1 1 1 1 1 1 0 0 1 2 2 1 1 0 1 1 1 2 0 2 2 1 1 0 2 0 0 1 2 1 0 0 2 0 0 1 1 2 0 2 0 0 2 2 2 0 0 2 1 1 2 0 2 2 1 0 0 2 2 1 1 0 0 1 0 0 0 0 1 0 1 0 0 1 1 1 0 0 0 0 1 0 0 0 0 0 0 0 2 0 2 1 0 0 0 0 1 2 2 0 0 1 0 0 0 2 1 2 0 1 0 2 1 1 1 0 2 1 1 2 2 0 2 0 0 0 0 1 1 1 0 2 1 0 0 0 1 1 1 0 1 1 1 1 2 0 0 1 2 2 2 0 0 0 0 1 1 1 1 1 0 1 0 0 1 1 1 1 1 0 2 1 1 0 2 0 1 2 2 1 2 2 0 0 0 0 0 2 1 1 1 1 2 1 0 1 1 1 0 1 1 0 1 1 1 0 1 1 2 1 2 1 0 2 2 2 0
78 1 1 2 2 1 0 2 0 0 0 0 2 1 1 1 1 1 1 1 2 2 0 2 1 1 0 0 1 1 1 1 0 0 0 1 1 0 0 2 1 1 1 0 1 2 1 0 0 0 0 2 0 2 2 0 0 0 2 0 0 0 2 0 0 0 1 1 0 1 1 2 0 2 0 0 2 2 2 0 0 2 1 1 2 0 2 2 1 1 0 1 1 0 1 0 0 1 0 1 0 0 0 0 1 1 0 0 0 2 0 1 0 0 1 0 1 0 0 0 1 0 2 0 1 1 1 0 1 0 0 1 1 1 0 0 0 0 0 1 0 1 1 0 1 1 0 2 1 0 2 1 0 2 2 0 2 0 0 0 0 0 0 2 0 2 2 0 0 0 0 2 2 0 2 2 2 0 2 0 0 1 2 1 1 1 1 0 0 1 1 1 0 0 0 0 0 0 0 0 0 2 2 0 2 0 0 0 2 0 0 2 2 0 2 2 0 0 0 0 0 2 0 2 0 2 2 0 0 2 2 2 0 1 1 0 1 1 1 1 1 1 1 1 1 2 1 1 2 2 0
79 0 0 2 2 0 0 2 0 0 0 0 2 0 0 0 0 0 2 0 2 2 0 2 2 0 0 0 2 0 0 2 0 0 0 0 0 0 0 2 1 1 0 2 2 0 0 0 0 0 0 2 0 2 2 0 0 0 2 0 1 0 1 1 0 0 1 0 0 0 0 1 1 1 0 0 2 2 2 0 0 2 1 1 2 0 1 1 2 1 0 2 2 0 1 0 0 1 0 0 0 0 0 1 2 0 1 1 1 1 1 0 0 1 2 0 1 0 0 1 0 1 1 1 1 0 2 0 1 0 0 0 0 1 0 1 1 1 0 1 0 2 0 0 1 1 0 2 1 1 1 0 1 2 1 1 1 0 0 0 1 1 2 2 2 0 2 1 1 0 2 0 0 0 0 0 0 2 1 0 0 0 2 1 1 1 2 1 0 1 1 1 0 0 1 2 1 1 1 2 1 1 1 1 1 0 0 1 2 0 0 1 2 1 1 2 0 0 0 0 0 2 2 0 2 0 2 2 0 0 0 0 0 2 2 0 0 0 2 1 2 1 1 1 1 2 1 1 1 1 1
80 0 0 2 2 0 0 2 0 0 0 0 2 0 0 0 0 0 2 0 2 2 0 2 2 0 0 0 2 0 0 2 0 0 0 1 1 0 0 2 0 0 0 2 2 0 0 0 0 0 0 2 0 2 2 0 0 0 2 0 0 0 2 0 0 0 1 1 0 1 1 2 0 2 0 0 2 2 2 0 0 2 1 1 2 0 2 2 1 1 0 1 1 0 1 0 0 1 0 1 0 0 0 0 1 1 0 0 0 2 0 1 0 0 1 0 1 0 0 0 1 0 2 0 1 1 1 0 1 0 0 1 1 1 0 0 0 0 0 1 0 1 1 0 1 1 0 2 1 0 2 1 0 2 2 0 2 0 0 0 0 0 0 2 0 2 2 0 0 0 0 2 2 0 2 2 2 0 2 0 0 1 2 1 1 1 1 0 0 1 1 1 0 0 0 0 0 0 0 0 0 2 2 0 2 0 0 0 2 0 0 2 2 0 2 2 0 0 0 0 0 2 0 2 0 2 2 0 0 2 2 2 0 1 1 0 1 1 1 1 1 1 1 1 1 2 1 1 2 2 0
