51 21 23 25 27 29 31 33 35 37 39 41 43 45 47 49
52 21 23 25 27 29 31 33 35 37 39 41 43 45 47 49
53 21 23 25 27 29 31 33 35 37 39 41 43 45 47 49
54 21 23 25 27 29 31 33 35 37 39 41 43 45 47 49
55 21 23 25 27 29 31 33 35 37 39 41 43 45 47 49
56 21 23 25 27 29 31 33 35 37 39 41 43 45 47 49
57 21 23 25 27 29 31 33 35 37 39 41 43 45 47 49
58 21 23 25 27 29 31 33 35 37 39 41 43 45 47 49
59 21 23 25 27 29 31 33 35 37 39 41 43 45 47 49
60 21 23 25 27 29 31 33 35 37 39 41 43 45 47 49
61 21 23 25 27 29 31 33 35 37 39 41 43 45 47 49
62 21 23 25 27 29 31 33 35 37 39 41 43 45 47 49
63 21 23 25 27 29 31 33 35 37 39 41 43 45 47 49
64 21 23 25 27 29 31 33 35 37 39 41 43 45 47 49
65 21 23 25 27 29 31 33 35 37 39 41 43 45 47 49
66 21 23 25 27 29 31 33 35 37 39 41 43 45 47 49
67 21 23 25 27 29 31 33 35 37 39 41 43 45 47 49
68 21 23 25 27 29 31 33 35 37 39 41 43 45 47 49
69 21 23 25 27 29 31 33 35 37 39 41 43 45 47 49
70 21 23 25 27 29 31 33 35 37 39 41 43 45 47 49
71 21 23 25 27 29 31 33 35 37 39 41 43 45 47 49
72 21 23 25 27 29 31 33 35 37 39 41 43 45 47 49
73 21 23 25 27 29 31 33 35 37 39 41 43 45 47 49
74 21 23 25 27 29 31 33 35 37 39 41 43 45 47 49
75 21 23 25 27 29 31 33 35 37 39 41 43 45 47 49
76 21 23 25 27 29 31 33 35 37 39 41 43 45 47 49
77 21 23 25 27 29 31 33 35 37 39 41 43 45 47 49
78 21 23 25 27 29 31 33 35 37 39 41 43 45 47 49
79 21 23 25 27 29 31 33 35 37 39 41 43 45 47 49
80 21 23 25 27 29 31 33 35 37 39 41 43 45 47 49
